72.62988448397968
50.48149772537919
-50.4582074674152
61.36187908031953
-11.081449438572923
19.77119080323446
-5.40051656460635
-69.81254766887136
31.515231119138495
-69.73201192813664
52.56683559583655
150.38507433792762
-130.87948227874148
144.43216408487874
-74.79508633474725
49.84131998667658
57.91151226673221
78.15503919319677
100.78908033315005
80.09997677485865
107.1032146922028
54.976807290608924
161.48745029037386
127.74375414372243
18.269575540254714
154.61130879589948
-6.103505447529082
117.54773387847047
58.4834763630254
206.67626665257893
-71.57608104163434
75.48847508812369
79.58265581095313
68.55858322347076
-23.62053992676148
165.7525034044321
-23.631958762642885
209.75564936138383
71.78482778018609
157.3944364531991
79.73549925085894
221.80783687035944
-53.04374204560382
149.01161583233795
71.05434083433013
218.0698897224127
40.758353305774065
69.72661369498293
1.4531919491133112
91.67066140750319
9.341615279843348
100.34929230942151
30.860642692137446
96.43489823998306
64.51057447726767
34.5952275901822
-27.906567861084095
95.54092672730854
-12.278963199677804
95.69237146624356
-5.353355425480983
65.35972739033029
50.88761451061723
199.045009506866
-49.265849500902014
76.49257977606618
-66.55202183154108
155.66615763774038
-20.351568413446905
119.75052361675692
-61.71029949873945
96.69080671658821
7.358013409530341
116.94024592745733
36.370553339163074
78.49908643124412
53.973238398370576
25.400606240882073
70.06865033654174
42.34937678064748
105.61974525991329
-10.689915827886592
62.99566268344122
61.31466905686635
-25.606930654605016
-7.539498660469208
55.49854644973464
21.84294252089174
46.39602817339087
-0.4716254253516003
42.02022779314334
-38.17491903367179
69.75098703300726
4.228729853334693
225.67235138131542
-122.5485502438489
197.9774375425663
-111.9824662839337
94.86475319703165
-95.5003152282077
68.01148024356019
-27.077042272560544
8.181387378477313
9.524431730312752
8.815395471499881
16.20054839016859
20.690835200277387
-28.984206071277214
26.756993541646203
-40.222709302907404
47.723987832362994
-57.72450579557996
-14.347246014365307
12.121140023075395
57.92596591731702
-49.519249339317774
84.62524291434751
-99.34589423237207
11.948919515162405
-60.88452955666282
65.34358832531373
-31.71141485758195
38.722889241337576
-60.04059225793861
64.20316142647157
-54.762441567206565
37.015336581728455
-10.622703244800569
15.177908876505589
81.8562512104411
30.545191245869127
7.979221768553836
-23.338782841845816
9.214878924233604
21.422733824289665
37.337379091559995
-96.07459800652921
105.29987815025888
-22.719047251360738
53.990396602960274
-53.565340454307126
72.36121468557329
-56.2701584098918
108.75842018958937
-81.51059795319921
84.62829090938148
-37.52194588378662
40.84299421025118
-38.013901818743086
41.820087623005556
-23.000604047289148
-31.388527992295998
47.58469087326921
-10.207247590335534
53.79206346756734
4.672273168438792
3.3059384669551672
-28.34956028793809
-9.438160895728114
-28.330012673740114
32.12339435082171
-9.144683473061223
36.298782025149
-12.322161764559858
-7.835862120228852
-14.880770910825408
14.308709920315925
-62.02226650204866
26.76415787132276
-36.275726838063854
5.2771515952136365
-2.316431992327767
15.844805595440532
-12.781425541417047
36.299563000069746
-13.621411861244317
-34.05993327064708
-2.724832801310841
16.820200951629666
-32.76564860176995
6.47341432994038
5.215306810204149
17.39247316248161
57.27352879252342
-41.100321204717815
42.64398106761064
-39.53377849283248
59.29878775958376
-70.13955899576663
56.70772997135758
-70.72797419410729
54.97131390782054
-52.43644921218551
53.20008196470975
-57.49115698968553
0.40996635645443824
-47.998864467654336
49.457068961982365
-45.200219438897726
46.24800653774523
52.62678047105539
40.45116894168122
-30.783328047013306
34.12240427830195
-84.76544569934853
34.8142580509858
-33.27316717300256
35.00668333085522
-73.38607742080036
35.590894308698935
-34.61979265302462
4.25448887009323
-34.31953610323627
5.775949234878272
-50.8436501456413
35.30012323586598
-13.674510468974635
-33.38331222775529
34.08224773432913
-78.68734798594927
34.20011204954551
-32.645253929268215
49.839018741669186
-46.65028401826337
22.1217991421632
-92.35744182082426
-20.423663426941097
-7.751227683121901
-31.02861922088591
2.2222702203422022
-62.55358923803196
24.40930396082977
-30.8101833662339
5.449818195763979
-34.1165294116378
-16.31772071498455
-29.84534459021635
1.0877855168695985
-29.144849486095215
30.479996490320215
-29.135179759631548
-90.119262912852
29.939280492566862
-2.6747136252879935
9.06001110783485
-53.15013659771034
21.57817362823741
-27.385220231776938
28.434940452261362
-71.51449411245032
27.797255194148917
-27.047173193309206
27.535556542215627
-34.49587843853681
27.318607532310153
-73.77312247600976
-10.924292073374861
-25.747659789360124
-2.358511095531928
25.62407110878299
-24.33686337973933
-5.029645514081178
-23.82071647040259
-5.557237594629782
-22.894847839794263
-6.766851690222461
-22.66013602936606
15.464827393599078
-26.19539358548221
23.070060783260637
22.23681916841328
-41.79215033931144
22.263715152282018
-43.035083870083014
-6.850072908311073
-1.4464901916685275
-18.989400057027026
20.66856635723993
-49.410704996893834
20.019877122392288
-18.017973694924976
-41.556999832988275
-2.4663559582590673
-17.18595486537286
17.66206414463703
-45.23568354724635
37.68015818399231
-42.95289941760869
16.642024580297573
-23.498147037961978
15.955676434985817
-26.660219065901153
14.923711098621279
-53.087734446060864
14.6717407293983
-12.431373968217533
0.1676641362779413
-37.58919296536321
1.5457930134933697
-49.09744247801124
-6.162999221293688
-37.68826270384127
11.301949300121699
-41.36225192187833
7.015934455483604
-8.584665315982848
-4.529496619698886
-7.74319986622769
-7.995130798555185
-43.31424428010455
-46.29685710343215
7.788719051268808
-6.482480882959093
7.16096773433004
-21.164756183237852
-47.29381245968692
-63.084538702251734
5.286955780754695
-3.1146829885056926
-29.98195208114147
-25.129962781924203
3.1595332187238414
-33.296125883552364
2.6119072814772863
30.045107428373598
1.7558019642048834
-51.20850779693738
-19.877953594766698
-32.58346766015502
12.86453942025548
0.6595335856609172
24.364657013748428
15.294132083046135
0.6164942823620195
-18.625390717387045
0.2554059004447584
-28.62151664041315
-3.0095057696738703
-6.306429814254613
0.3271268526227257
-32.75200702297269
-25.875129534261458
-31.726798907345486
0.43180110388183335
-2.8785562707164045
-4.524884959030471
-23.419870394292868
-61.99657424148762
0.5812397918186439
0.3190751595559006
0.4283230728901477
-59.83915594084917
-30.3710885371665
23.30781849603221
-15.463202877997277
-34.4534455095259
-47.843580438999275
-10.927472408890488
0.23932038454545168
-29.327606067028363
-10.88926879298208
0.06946210017244947
0.7111076591419316
-8.937533395940044
0.23555281572859266
0.7300259827318502
-3.7949146219678944
0.28156983165162697
-24.867756672326657
0.25282250809349216
0.14118972152566456
-46.11544212975638
0.6383363359552677
0.8711232846685796
0.14944187988702218
-27.86418848652171
0.16061076927671591
0.3379241270921538
-25.11584114528989
-11.373752193474179
0.8493996216554581
0.11809122532050287
-32.350580837717054
-47.98140101451273
-12.61815191861986
0.6317968612578079
22.206330088933573
0.8754183989581055
0.5253048890953835
0.4431962722131162
-76.64627638002699
-12.23248192281758
-41.13894382341056
-1.68682047787402
-46.787952611188885
0.6055084989075108
-19.101033428906245
0.7861656770684557
0.5363234569735857
0.23383955818872415
-23.363575766817352
0.35828914957352864
-17.21002844326032
29.036726444388204
0.24988561881021365
0.8779607007274318
-28.52456849243767
0.8174599971804618
-22.155000470865414
-54.56728520495313
0.5473698385165809
0.1460002813879715
-44.89155454788451
-22.463248953429417
-7.493441920240505
0.24305073264100308
0.8561438227456797
0.6513953607086375
-25.722417114258555
-26.252234074471552
0.3081955409698637
0.5732495780050063
-24.668122478666987
-5.482551371622472
-17.62719112879628
0.8039281852286759
0.7276585230220214
-2.022980462852247
-6.202431888260154
0.09705373940400297
0.5075001909911486
0.5447123068680129
0.1591330088278925
-31.069698685186815
-30.303103034281285
-21.766198169662243
0.11718830150324411
0.45666694334272406
0.7685769349955304
0.518257109386297
0.6025282505288463
-74.24287397228096
-38.83643346426188
0.3353299891754854
-20.65887364745932
0.3070887618655629
0.12154379539255933
-48.28722744279114
0.35734148555252354
-15.673002782935308
0.9371985205790991
-18.29364176982595
0.45621306069520706
-7.004469201016546
-42.30556148526889
0.8535645269593546
-42.90547091371209
0.8098384429125677
-30.998560539558294
-50.327822090661655
-32.153686796583706
-14.468729957206442
-40.102010970321935
0.5215212829337148
0.8122264104377996
-22.12583953330368
0.725468552214709
-82.75426234215445
0.20935463918342445
0.25500806442099844
0.70918014412985
0.702787780352664
-1.4268263400203351
-15.96876458565905
-8.126699678466785
0.3362343622120718
12.375560922674882
23.84232011997249
-35.632522963745764
0.4783407236783317
0.3730295332830963
0.24233597427632447
-24.68985009477009
0.6788099194212158
0.9085548138962954
0.8728784543377373
-35.01856552555797
0.6123274472948051
0.7122396730989563
0.6302656882569954
0.31541840369662966
-122.87820105657414
0.7327690085543787
-29.16925814737648
0.19280214775499194
-44.652597238348
-2.279290446832843
0.6657281044201392
0.24568460210764873
0.44987088171184186
-66.48760242782747
0.5035328578232151
0.8735871995400074
-30.932885392082667
-18.268395470059282
-68.60959408726835
-69.17472224837093
-16.57707567933407
-45.18991121335225
0.6830064047934241
-28.286073513931285
0.27981520268556603
-40.99503822380875
11.605038807008007
0.7570754255706177
-35.347819485226196
0.3763793965347957
-58.04420480296026
-13.22611414323784
0.49790398051162044
0.4274481380778694
0.9272358561437186
-17.054336761116076
-58.48806696993331
0.5561090970657406
-20.31917726258677
0.06336826325705491
-28.15413496385016
-32.31099012827857
0.15332252044780426
0.44235059336966387
0.41199657538575796
0.5472016011188428
-20.305855417408644
0.5296614477637472
-26.485747263033588
0.09087563652659525
0.9017587047994082
-14.418991243388671
0.23861296110375685
0.21094354634025658
0.21183783877938334
-28.425945457196946
0.8901464158650109
-21.591963465556276
0.867183343862247
0.31633561745932837
25.869049561626504
-31.6313265989775
-33.72747888288791
0.592719286922491
0.13898407192199136
0.15134299577561294
-20.24333769912692
-30.437881031152678
0.7255641633977246
0.3225680814423263
0.9347886096884992
0.4343624383222727
0.3006633920900611
0.22569580455047666
0.8516085293039302
-59.84041558209179
-47.082910579123556
0.16073311148307057
-21.530752945366967
0.35229825440877327
-7.338990678573211
27.28651013378543
-26.74000045233544
0.18126961122378826
-31.28345923767675
14.637519242465295
-52.96349282118194
0.23066710514355393
-48.07641270828299
0.5463285857226305
0.5350412910578277
-22.6338306601195
0.3560767387985919
0.21721429403519799
-24.628143152867413
0.6511298069660739
-33.16496550781697
0.8925820675038703
0.45093246523645003
-42.19546564963117
0.07914147224663581
-20.32278318701508
0.4331495349612595
0.8873029107241043
0.9399793479701897
0.6078900912989359
-22.060965596646835
0.2376428650459208
-23.0594343202441
-24.47667315065954
0.4515403791928889
-56.05488447159111
0.25465224079829585
-55.19950669611019
0.6959035220530294
0.5293681467524881
0.20774805861443935
0.9339035549231451
-62.90888297629759
0.4103398401350945
0.8150324481358167
0.16348601560928144
-23.874311925976592
-35.86109347243339
-26.280725390187968
0.4787931845759251
0.924615757168296
0.14766365983786134
-17.157106865518365
-26.10793549182931
-36.522670064916454
28.611601101544764
-10.038193369017465
19.25829012069751
-18.056825359571217
0.0794411242822175
0.8331479140911012
0.34112210969816814
