0.0
1.0
4.0
9.0
16.0
-25.0
36.0
49.0
64.0
81.0
100.0
121.0
1.2410646165765928E7
169.0
196.0
1.736170825064137E8
1.0
34.0
69.0
-106.0
145.0
186.0
1.8952967700993237E8
19.0
66.0
-115.0
166.0
-3.5775517671415135E7
-19.0
76.0
135.0
196.0
-4.0
69.0
136.0
1.3890500757739046E8
21.0
94.0
169.0
1.967881673039195E8
70.0
151.0
-1.649043231150142E8
-64.0
151.0
-1.7640548292485407E8
76.0
9.10820384323628E7
9.0
106.0
205.0
-51.0
154.0
4.0
111.0
1.6188028565963832E8
76.0
189.0
49.0
166.0
30.0
4.676791914499302E7
19.0
144.0
16.0
3.0110376533516824E7
21.0
154.0
34.0
171.0
-55.0
196.0
84.0
1.8701027042996296E8
121.0
15.0
166.0
64.0
-3.0110302533516824E7
-121.0
25.0
186.0
94.0
-4.0
171.0
85.0
1.0
1.0414825097149965E8
94.0
16.0
195.0
-121.0
49.0
-1.6188027165963832E8
166.0
100.0
-36.0
-1.2801584642389993E8
169.0
111.0
-55.0
1.0
204.0
154.0
106.0
-60.0
16.0
-1.2423656472992986E8
189.0
151.0
-115.0
81.0
49.0
19.0
-1.967881673039195E8
1.5879429437864253E8
196.0
174.0
154.0
136.0
120.0
106.0
-94.0
84.0
76.0
70.0
66.0
-64.0
64.0
66.0
70.0
76.0
-84.0
94.0
106.0
120.0
136.0
6.244452669652553E7
174.0
196.0
-6.244446069652553E7
-1.9441762311770496E8
19.0
-49.0
81.0
115.0
151.0
189.0
-1.2037995483812371E8
-16.0
60.0
106.0
154.0
1.2801587142389993E8
1.0
55.0
111.0
169.0
1.844392137157085E8
36.0
100.0
166.0
-1.5879428037864253E8
-49.0
121.0
195.0
16.0
94.0
9.988070804380715E7
1.0
85.0
171.0
4.0
-94.0
186.0
25.0
121.0
1.4915191228715852E8
64.0
166.0
15.0
121.0
1.8181545278279576E8
84.0
196.0
55.0
9.55258978522842E7
34.0
154.0
21.0
145.0
16.0
6268004.568568651
19.0
151.0
30.0
7.71978209099435E7
49.0
189.0
76.0
1.5564509919395295E8
111.0
4.0
154.0
-51.0
205.0
106.0
9.0
8.654731351407565E7
76.0
-1.736170675064137E8
151.0
-64.0
-1.5564508519395295E8
151.0
70.0
1.9441762311770496E8
169.0
94.0
21.0
1.353485797028794E8
136.0
69.0
4.0
1.2423659772992986E8
135.0
76.0
19.0
1.4580526132509172E8
166.0
115.0
66.0
19.0
-1.1644443862199496E8
186.0
2.4329396800967522E7
106.0
69.0
34.0
1.0
1.7077153105902556E8
196.0
169.0
-1.843029093101926E7
121.0
-100.0
81.0
64.0
49.0
-36.0
25.0
16.0
9.0
4.0
1.0
0.0
1.0
-4.0
9.0
16.0
25.0
36.0
49.0
64.0
81.0
100.0
121.0
144.0
169.0
196.0
1.6786767754128256E8
1.0
34.0
69.0
106.0
145.0
186.0
-1.1242840574839419E8
19.0
66.0
-115.0
166.0
-2.4329322800967522E7
19.0
76.0
135.0
1.2037998783812371E8
4.0
69.0
136.0
205.0
21.0
94.0
8.191987074031328E7
-1.9199844945830235E8
70.0
151.0
-1.52431396229984E8
64.0
151.0
1.9199845545830235E8
76.0
169.0
9.0
106.0
205.0
51.0
5.732435225301722E7
4.0
111.0
-5.732428625301722E7
76.0
189.0
-49.0
166.0
30.0
151.0
19.0
144.0
16.0
145.0
-21.0
154.0
34.0
171.0
55.0
196.0
84.0
1.7913791203492564E8
121.0
15.0
166.0
64.0
-1.2410571165765928E7
121.0
25.0
186.0
-94.0
4.0
171.0
85.0
1.0
174.0
94.0
16.0
1.1242843974839419E8
121.0
49.0
-1.4915189728715852E8
166.0
100.0
36.0
1.7640549392485407E8
169.0
111.0
55.0
1.0
204.0
154.0
106.0
60.0
-16.0
-1.083302140406383E8
189.0
151.0
115.0
81.0
49.0
19.0
-1.8952966000993237E8
1.52431410229984E8
196.0
174.0
154.0
136.0
120.0
106.0
94.0
84.0
76.0
-70.0
66.0
64.0
64.0
66.0
70.0
76.0
84.0
94.0
-106.0
120.0
136.0
154.0
174.0
196.0
-5.209946131066181E7
-1.8701025342996296E8
19.0
-49.0
81.0
115.0
151.0
189.0
-1.0414819597149965E8
16.0
60.0
106.0
5.209952731066181E7
204.0
1.0
55.0
111.0
169.0
-9.988065304380715E7
36.0
100.0
7.237923026670903E7
-1.4580524632509172E8
49.0
121.0
195.0
16.0
94.0
174.0
-1.0
85.0
171.0
4.0
94.0
186.0
25.0
121.0
-6267929.568568651
64.0
166.0
-15.0
121.0
-9.55258398522842E7
84.0
196.0
55.0
171.0
34.0
154.0
21.0
1.843028993101926E7
16.0
144.0
19.0
151.0
30.0
166.0
49.0
189.0
76.0
-4.676785014499302E7
-111.0
4.0
154.0
51.0
205.0
106.0
9.0
169.0
76.0
-1.7077151605902556E8
4.132734550655548E7
64.0
-1.423900728944113E8
151.0
70.0
-1.844391967157085E8
169.0
94.0
21.0
1.3171936248399058E8
136.0
69.0
4.0
196.0
135.0
76.0
19.0
219.0
166.0
-115.0
66.0
19.0
-9.10819784323628E7
-1.3890502657739046E8
145.0
106.0
69.0
34.0
1.0
1.649043321150142E8
196.0
169.0
144.0
121.0
100.0
81.0
64.0
49.0
-36.0
25.0
16.0
9.0
4.0
1.0
0.0
1.0
-4.0
9.0
16.0
25.0
-36.0
-49.0
-64.0
-81.0
-100.0
-121.0
144.0
169.0
196.0
-6.746207265116367E7
1.0
34.0
69.0
106.0
145.0
186.0
-8.654725351407565E7
19.0
66.0
115.0
6.746213165116367E7
219.0
19.0
76.0
135.0
196.0
4.0
69.0
136.0
205.0
-21.0
94.0
169.0
-1.8181543578279576E8
70.0
151.0
-1.353485507028794E8
64.0
3.5775585671415135E7
-1.6786766254128256E8
76.0
169.0
9.0
106.0
205.0
51.0
154.0
4.0
-111.0
-4.132727650655548E7
76.0
189.0
49.0
166.0
30.0
151.0
19.0
-144.0
16.0
145.0
21.0
154.0
34.0
171.0
55.0
1.1644447162199496E8
84.0
-8.191981074031328E7
121.0
15.0
166.0
64.0
1.423900878944113E8
121.0
-25.0
1.083302570406383E8
-94.0
-4.0
171.0
85.0
1.0
174.0
94.0
16.0
195.0
-121.0
49.0
-1.3171933348399058E8
166.0
100.0
36.0
-7.71977579099435E7
169.0
111.0
55.0
-1.0
204.0
154.0
106.0
60.0
16.0
-7.237916726670903E7
189.0
151.0
115.0
81.0
49.0
19.0
-1.7913789503492564E8
