0.7365624966958444
0.6563876483736862
0.6106108557079963
0.7046444922419309
0.8224934912340963
0.5964184111319898
0.776055024358862
0.7209225725002472
0.7998114147213558
0.5963841611377704
0.8299118161141686
0.7358288855316703
0.7914823478634243
0.6255110108591058
0.7209160090959211
0.8097731176312658
0.6105799266970214
0.8200275080029211
0.7519832418191246
0.6725504303926714
0.8307104309757007
0.7492710915322767
0.8290372657654986
0.6254585662489162
0.8115060557813953
0.7888004256830421
0.6725963237611379
0.8296400662576203
0.7781991820808197
0.8220506215386011
0.6410391982596039
0.6564312004139227
0.8302868677684732
0.8154694058336635
0.8036077839904511
0.8273989393632448
0.6883241351701243
0.8252036361534838
0.813611581033498
0.8285155378065102
0.6410963199089591
0.8181185858545935
0.828290063082116
0.8293023187626481
0.6881877642184424
0.8302573143973517
0.8235922259722968
0.7046430403854985
0.832586278683827
0.8203185005968908
0.762572799066895
0.8267343972982211
0.8184267438530397
0.827156305405608
0.8327906917897024
0.816239971440527
0.8314261197778159
0.832064969732229
0.8304386081280971
0.8278743445879365
0.8327098061519663
0.8315184465296119
0.8328437297199246
0.8286518439399093
0.8318088960376305
0.8325750756026741
0.8322480291532457
0.8327524099212728
0.8328434419655557
0.8324876510399805
0.8328632151527765
0.8327026410266956
0.8325065572898509
0.8325629030754851
0.8326441746545519
0.832885310996201
0.8328529265441578
0.8327829076419424
0.8327163011877379
0.8327314670069965
0.8327492867538171
0.8327115714488678
0.8306055629685059
0.8262970374711647
0.8327765072483726
0.8326624004716272
0.8324669158330062
0.8325831357148995
0.8328909988122921
0.8327255777628574
0.8326844010200438
0.8327281126622849
0.8328015095248389
0.8326028066550182
0.8326013172986986
0.8328378508245328
0.8327932561305348
0.8327027441152158
0.8321159270632766
0.8314738637624065
0.8326067305044216
0.8321004789977234
0.8327134011690648
0.8328449146246696
0.8327435705036267
0.8327776183074743
0.8327648763716764
0.8327974527583251
0.8327586554682184
0.8327070623890191
0.8328647641172473
0.8322520755246674
0.8326811082688544
0.8329120604030482
0.8326779129350008
0.8327472652545818
0.830918178915597
0.8326845303349719
0.8328769213816581
0.8326378479543003
0.8312927650036254
0.8329055938958032
0.8324021039789886
0.8326569201305825
0.8241599467873151
0.8326935139971335
0.8327802363673249
0.8327537280662552
0.832851235789286
0.8328548934687935
0.832645272946133
0.8326799978542225
0.8326838592411377
0.8325993234342604
0.8328237666790353
0.832764068131122
0.8327574724940395
0.832824362128769
0.8326090973253273
0.832709622331972
0.8327683118918002
0.8327324668143928
0.832714121807518
0.8325191219929101
0.8323487599039372
0.8328043225741842
0.8326867547705759
0.8328647135282349
0.8328242206765187
0.8326565488418503
0.8327924259771239
0.8327449642638509
0.8327154534536682
0.8326865132352255
0.8305529069860387
0.8326555562136011
0.8326219186049135
0.8328175894300306
0.8315617466959113
0.8326454126452946
0.8324069167799878
0.8315630346949702
0.8327313366274363
0.8325997466151623
0.8327084973047253
0.8322246029117335
0.8327376280501321
0.8326662637344492
0.8311360783225521
0.8321080366757084
0.8323561323560743
0.8328778002152166
0.8327819493911822
0.8319424246619502
0.8326840561610187
0.8327445500061946
0.8327191159128787
0.8327892210256123
0.8327811472086873
0.8327002102783845
0.8326653224781929
0.8326559342515916
0.8326815285750276
0.8327703030244655
0.8326154537311473
0.8327931645230171
0.8327016402975671
0.8326975248748969
0.8326895274448509
0.8328041163469093
0.8325726072027799
0.8328351481153455
0.8325306445963727
0.8329392140167212
0.8327942991120193
0.8328165882850833
0.8326746382388033
0.8328307109213657
0.8326698940694267
0.8326168659389345
0.8327205972739067
0.8326393672000338
0.8320377053772904
0.8328882063545694
0.832811001458753
0.8327409730458615
0.8328308545110181
0.832642391216282
0.8326707796752527
0.8328034843445337
0.8327072630169073
0.8326900180828797
0.8327160118769992
0.8326831469069927
0.832525724228968
0.832905394213867
0.8327612556305203
0.832738835291936
0.832661031265581
0.8327973446251423
0.8327604725145173
0.8327642898231009
0.83279707088373
0.8328681965183246
0.8327277403416719
0.8325161046768845
0.8328740441144907
0.8326856689667657
0.8329155540012825
0.8327358204518284
0.8328040002699907
0.8325983587254522
0.8327006987269697
0.8328057287604611
0.8327910512403744
0.832872884302989
0.8328023134795993
0.8327703153148099
0.832850734637847
0.8327900492177122
0.8328562566285023
0.8327702457563927
0.8327890340965586
0.8326180001359392
0.8327645561507511
0.8327877805454778
0.8328222783610104
0.832613927003892
0.8327809944813722
0.8327717145488245
0.8327649450283274
0.8327345038090626
0.832776218447965
0.8328421015776915
0.8327692149477858
0.8327323628918052
0.832410375694826
0.8327533110833629
0.8328440526317605
0.8327794425177861
0.8327129029588182
0.8328586584049871
0.8326282574280796
0.8325619130106929
0.8328629046923152
0.8327360895511342
0.8327619958170605
0.8323557397428627
0.8325435321205318
0.832773228186762
0.8327204040085902
0.8326917923600681
0.8324274759444473
0.8327655955481134
0.8328680950685022
0.8310810976820393
0.8328583214729054
0.8326241837399895
0.8328145313052989
0.8326912993794561
0.8327376677633227
0.8326604036719476
0.8318858170752353
0.8326864023891225
0.8325260895362563
0.8328376832268535
0.8328651875097559
0.8301167251455404
0.8327041941813698
0.8326183457329924
0.8328628814672548
0.8327369027280017
0.8328615900700094
0.8328552820783461
0.8327785484351617
0.8328373841862096
0.8325548183288555
0.8327632331821091
0.8327650676267447
0.8327648631697363
0.8328121119348854
0.832448173621426
0.8323437611322942
0.8328327794172455
0.8327860551280116
0.8327390166206077
0.8328032789619036
0.8328328813439825
0.8327559664539103
0.8319813910774471
0.832571552242679
0.832154858949318
0.8327184403649505
0.8295194987094229
0.8326145042260171
0.8327384225273031
0.832844077655482
0.8327656901319044
0.8327848225535815
0.832681488287916
0.8328799719532317
0.832726681871585
0.8326299404208849
0.8323452127491296
0.83284047124036
0.8326657984199067
0.8327583715448685
0.83265507532772
0.8328415683073888
0.8328186823350774
0.832783511425038
0.8326170463935922
0.8301525380779983
0.832736335041777
0.8327005518374754
0.8327394625786338
0.8327487605393608
0.8326888280543839
0.8327832128987399
0.832670321968392
0.8327144500885926
0.832840838008727
0.8327853043377842
0.8327075122254965
0.8327932609407482
0.8327300922037589
0.8327901096787534
0.832824483529118
0.8326539609849478
0.8328252439540691
0.8328048378721299
0.832796216380769
0.832725919158575
0.8327577090073965
0.8322813080127981
0.8327568980389272
0.8328742702548291
0.8316911510011984
0.8322639966856861
0.8328894148561387
0.8325570286736392
0.8327066070246752
0.8327983282913969
0.8327340711867441
0.8327262118907819
0.8328196450269859
0.8307761092851426
0.8327448813054388
0.8327388041182883
0.8325342140832712
0.8328525616731267
0.8328078665473183
0.8327500045452425
0.8326468427525193
0.8328816028101246
0.8328086027668212
0.8328285934428691
0.8327024310652572
0.8328093722171136
0.8327570140874049
0.832660145233196
0.8329003155667768
0.8328215848492039
0.8327128716073345
0.8327107543202877
0.8328537727928479
0.8326427110235902
0.8328783206739956
0.8327108235264185
0.8326889337580765
0.8325694136619265
0.8327231533627809
0.8328067491863281
0.83272128795901
0.8326553185856748
0.8327366134851518
0.8328721158873095
0.8327023570457285
0.8327970481393064
0.8327560726998695
0.8328257503298656
0.8326636529609218
0.8328473149537516
0.8328318172798945
0.832585123451109
0.8327682381642526
0.8328261534926429
0.8328766251625114
0.8327922948643651
0.8321443651514807
0.8328080232308234
0.8328516738333683
0.832717493967684
0.8326867533749011
0.8327525449927722
0.83273818473692
0.8327813455941677
0.8325330704905394
0.8324659378017785
0.8322089997510058
0.8327486182714541
0.8327038693064197
0.8328407403093387
0.8327439426420454
0.8327001973783549
0.8328337446718551
0.8326968510301235
0.8326573103117817
0.8328205344050728
0.8327782949389043
0.8326177921692751
0.831324710400473
0.8328351572555811
0.831449517252707
0.832790154379326
0.8327530512298159
0.8324788424253823
0.8328783284099031
0.8326956965494468
0.8327488341999878
0.8288817709621104
0.8328260117769564
0.8327469103428061
0.8326629849634991
0.8327344708179469
0.8324222025334582
0.8326992425713667
0.8327040993644871
0.8326969716727561
0.8328414916980772
0.8328395843037137
0.8327241858154413
0.8327786837762359
0.8326602738381098
0.8326574871012251
0.8322666651687696
0.8327383191386524
0.8327179815605765
0.8250223609693078
0.8316662175206002
0.8328341044413611
0.832770345865915
0.8327268550529634
0.8327085152226201
0.8328074678725367
0.8327764392579676
0.8325485672875405
0.8326269590449052
0.8328222333974947
0.8327445197848139
0.8320918615396679
0.8327730335444221
0.8327544082795507
0.8329058802814888
0.8327314091180045
0.8323304330499945
0.8328507211019464
0.8327710545801909
0.8327527656381057
0.832700315659272
0.8326030990382792
0.8328645066513751
0.8327649759201594
0.8327626486461231
0.8326830367465281
0.8326222980976681
0.8328184694577606
0.8326635421212945
0.8329566174229315
0.8325725593826283
0.8328908717916242
0.8328558170296454
0.832510081382321
0.8325527457816913
0.8328185649174572
0.832695554912127
0.8328407458181883
0.8327663330832892
0.8326716265390348
0.8327170124641666
0.8326988582887591
0.8327289360998047
0.8327286145934412
0.8327111518991565
0.832680260174835
0.8327790703465806
0.764853313670914
0.8326308824109169
0.8328183662004395
0.8327588028544578
0.8328023719532532
0.8326812145497965
0.8327902944599239
0.8327723909736472
0.832750906810674
0.8328486392304794
0.8326451056684933
0.832883852251861
0.8326953046147604
0.8327698829047524
0.8324238828232412
0.8328768836189254
0.8327821650774299
0.8325355394383965
0.8322954748627401
0.8326796000370332
0.8329168425861134
0.8326831310434594
0.832814515417515
0.8323042374354012
0.8326220557416486
0.8327491514990026
0.8326494725866093
0.8327743510165565
0.8328177790867726
0.8327492985542883
0.8309794748957342
0.8328545206275884
0.8328031050768386
0.8326050998937581
0.8326993695773015
0.8326090058723766
0.8327703458335666
0.8326464376485248
0.8328107874743442
0.8327389257329869
0.831781939910746
0.8328372032786416
0.8326076116021813
0.8327342763399402
0.8325739937773625
0.8326898874594968
0.8328576588098314
0.8326891921695654
0.8327717864195967
0.8328140669035414
0.8327257336996741
0.8328455667648247
0.8328505895627322
0.8327611817110769
0.8328893961925808
0.8326546369464404
0.8326890227897361
0.8325944807184071
0.8326812840744531
0.8328750074128356
0.8327878967481932
0.8328280716450928
0.8328107629291513
0.8327305553753374
0.8326975239576269
0.8327026107559192
0.8327920196375531
0.8328275749825681
0.8326507552778754
0.8326218917965903
0.8328194178069894
0.83280526756393
0.832704932410065
0.8328682688173557
0.8327355088875104
0.8327275697288964
0.832887762619092
0.8325239322359981
0.8328109989022096
0.8325497721106959
0.8325069034490902
0.832805921997782
0.8328748230998501
0.832637070867676
0.8328651922988458
0.8327763171997196
0.8325712566738578
0.8328881415689079
0.8327328831959071
0.8327307744959059
0.829838953346501
0.8327134572937618
0.8324529478962136
0.8326880361253004
0.8327567459053841
0.8327380418544376
0.8327906627568422
0.832229477929016
0.832799174568567
0.8328281071173269
0.8325061902474498
0.8327330764029012
0.8325481713595211
0.8326784244094252
0.832682023027631
0.8327453556511999
0.8326727802836386
0.8328132182439225
0.8328324457799967
0.8328569544422851
0.8325742446278789
0.8328790663797137
0.8325191080555279
0.8327600748576992
0.8327695371097608
0.8327657758266943
0.8327827715642018
0.8327718524630372
0.8327674069238248
