0.8101535598520735
0.7512983873499895
0.7179867142274844
0.786386343202694
0.8718794427914791
0.7075395687411477
0.838120952028822
0.798021907673818
0.8556901415011774
0.707569717354103
0.8769438791884123
0.8088546044358663
0.8492249168489077
0.7287750089726631
0.798604774184362
0.8627263554325266
0.7180219577645924
0.8700387485170925
0.8213587078520432
0.7630240569681203
0.8774062843660173
0.8186936576666909
0.8761760493764277
0.7287491019459179
0.8637452008474483
0.8477344825965163
0.7629641010448572
0.8767141930544877
0.8399937888096807
0.8714026054584529
0.7400986217776121
0.751276260631807
0.8772902187458502
0.866673172063195
0.8578798858840836
0.8753389743741287
0.774515003179106
0.8739310580053302
0.8653034180314836
0.8761217369445428
0.7401289741659229
0.868670187844327
0.8759084904636477
0.8764553496506703
0.774458670828732
0.8771498550169989
0.8725427229708813
0.7863939647485839
0.8787430257648478
0.8703100326634141
0.8280224695024957
0.874849527331925
0.8688940796448977
0.8750086575449814
0.8787934661045051
0.8672636663175487
0.8779782475772508
0.8782933887906806
0.8773519245164356
0.8755608439593706
0.8787610390705013
0.8780007930962848
0.8788677618730985
0.8759112709336896
0.8781534177594308
0.8786871938810918
0.8784149756424069
0.8788596583123554
0.8788419316544746
0.8785805474363065
0.8788557553504507
0.8787371341698472
0.8786911557776507
0.878676441576686
0.8786512374268132
0.8788890473965189
0.8788389236383765
0.8787950214326061
0.8787846228844381
0.8788210377148193
0.8787451176793262
0.8787838732066084
0.8774030930660794
0.8744499866875308
0.8787969325518483
0.8787082601589156
0.8787090898534466
0.8786735824192401
0.8789074223732711
0.8788102383779055
0.8787343522184553
0.8788143594050478
0.878837169891742
0.8786934817808353
0.8786677919873349
0.8789109564091889
0.8788492255869679
0.8787510465569904
0.8784545824913547
0.878038063258593
0.8786454803716799
0.8783288642366864
0.8788030863498111
0.8788735946470014
0.8788500148296996
0.8788167448502756
0.8789318574772657
0.878926188729142
0.8787424490116638
0.8787393949681042
0.8789076467785306
0.8785917380816067
0.8787538151556178
0.8789134007819236
0.8787790163788172
0.8788450003419377
0.8776479695022772
0.878794593327752
0.8788832607715603
0.8787936844672569
0.8778765378905512
0.8789198532318097
0.8784630487584273
0.8787271517494627
0.8730382927892996
0.878820533164077
0.8787673845608183
0.8787784961060048
0.8788498064106283
0.8788805455080906
0.8786843206868379
0.8787143980894572
0.8787558165312532
0.8786541303913517
0.8789344427626257
0.8788040087450967
0.8788184054469723
0.8789232921645991
0.8786934710058701
0.8787842158926804
0.8788130235903217
0.878801021706544
0.8787740006417626
0.8786270793325971
0.8784635548226737
0.878827620640284
0.8787538156882881
0.8788660281502061
0.8788456905031509
0.8788284675772395
0.8788745011083369
0.8788850180313897
0.8787458534553789
0.8787484283606151
0.8774032456853937
0.8786692835034161
0.8787269496708819
0.8788995707458728
0.8780298681786566
0.8787922998512377
0.8785189750430308
0.8781110317809991
0.878815988582062
0.8787054120675936
0.8787306166884605
0.8785115178229773
0.8788291632474792
0.8788053474974219
0.8778282196551362
0.8783101780358956
0.8784882828029513
0.8788616233606283
0.8787657730012941
0.8782044062306781
0.8787495574110633
0.8787901621899368
0.8788105819932795
0.8788764937692092
0.8789126215741314
0.8787676145148116
0.8786858334086708
0.8788047475609251
0.8787290315776886
0.8787774845516777
0.8786397295505126
0.8787980442961368
0.8787439472808558
0.8787555806178585
0.8787928268206805
0.8787879478987141
0.8786488432903198
0.8788812792701234
0.8786281477922036
0.8789258590534783
0.8788185943273379
0.8788713471686876
0.8788576097376317
0.8788869692781714
0.878846546647847
0.8787650049163528
0.878753569577524
0.8787632027337695
0.8784119217566462
0.8789257123850812
0.8788506864216287
0.8788500360815422
0.8788146940125928
0.8787509111422468
0.8787402029832595
0.8788551715764097
0.8788073565040003
0.878697586456699
0.8787232815551127
0.8787754275847652
0.8787491969353259
0.8788892379205756
0.8787854285709402
0.8788284451030817
0.8787748029102909
0.8788175092595902
0.878899949575439
0.8787481363321074
0.8788045169394635
0.8788644660512742
0.8787624272119884
0.8786884116392012
0.8788578929551404
0.8787561509477604
0.8788994037735681
0.8787826480203967
0.8788807894263558
0.8786798881696762
0.8787916601921706
0.8789373404245859
0.8788080928871533
0.8788782242524099
0.8788597611805727
0.8788847500610847
0.878913096933244
0.8788603527243294
0.8789409763579575
0.8789555690236798
0.8788197946609217
0.8787199789253682
0.8788554849171559
0.8788352440609678
0.8788372430113982
0.8786790145974462
0.878813361744047
0.8787792549359155
0.878810473556921
0.8788561271312958
0.8788608065148935
0.8788697152324286
0.8789663080071385
0.8787428131092777
0.8785015266655654
0.8788492755511071
0.8788787031372539
0.8788135211571582
0.8788110587736777
0.8788853396641811
0.8787420862666946
0.8786904840069233
0.8788595165718598
0.8788389033829938
0.878833170348109
0.8785928025856613
0.8787020968667808
0.8787988754467264
0.8787444227369487
0.8787003486295336
0.8785901162779503
0.8787970505408951
0.8788708688815122
0.8776913664740044
0.8789685351896108
0.8787862497030641
0.8788768323600097
0.8787729125333988
0.8788246437774104
0.8788468268689081
0.8782642204295968
0.8787474332804384
0.8787834711086819
0.8788215596551475
0.878866740969534
0.8771243579504525
0.8788368518328536
0.8786765977786023
0.8788947986472656
0.8787817814241053
0.8788810657104347
0.8789228947976221
0.8788989030017875
0.8788619535938652
0.878634765721691
0.8787723078615715
0.8787847279293293
0.8787905500140608
0.8788409069273179
0.8786242297605954
0.8785670788955906
0.8788510709059243
0.8787879907328076
0.8787355522047391
0.8787958454430594
0.8788388762686545
0.8788836883784372
0.8782956090118573
0.8786450091635628
0.8784387843153413
0.8788124681976794
0.8767457552856782
0.8788217337981816
0.8787975380235741
0.8788555827100948
0.8788522259434319
0.8788242160792455
0.878789797884399
0.8788638647824031
0.8787383801206251
0.8787264990667614
0.8785361407416924
0.8788836593858925
0.8787706672871575
0.8787833641714897
0.8787500681671848
0.8788254648737044
0.8788663441524305
0.8788402279433983
0.8786879203773922
0.8772390686609896
0.878871362061024
0.8788450490602275
0.8788035783753763
0.8787629752359614
0.8787295829610562
0.8788722417686585
0.878746598100337
0.8788226633118119
0.8789436025512795
0.8788226709288719
0.8788081200829438
0.8788246344864192
0.8788620419928151
0.8789037960413368
0.8788371399865973
0.8787508716813301
0.8788569782058306
0.8788411965565606
0.8787968929717582
0.878741052336715
0.8787599462599791
0.8784151588220577
0.8787494830636067
0.8788935054718662
0.8781688081693683
0.8784291950259687
0.878873325932294
0.8786658284115754
0.8787851267597419
0.8788465825443835
0.8788827464764769
0.8788777140986842
0.8788962542770449
0.8776072468449292
0.8788164199446045
0.8788035111306235
0.8786209486530343
0.8788791389093995
0.8789184410661728
0.8787942177173887
0.8787001684172362
0.8789151408365534
0.8788096461115715
0.8788809563351332
0.8787213304924298
0.8787932921850552
0.878740934520072
0.8787548049482774
0.8788961187083468
0.8788055066794637
0.8788209879767279
0.8788423105858738
0.8788758276434352
0.8788168715092436
0.8788622448421599
0.8788380627812513
0.878672858860014
0.8787631867557334
0.8787324720577667
0.8788027032068314
0.8787490446027701
0.8788468730957846
0.878824942037531
0.8788784622256294
0.8787957763084007
0.8789247617578684
0.8787886726422465
0.8789110443579444
0.878810561114643
0.8788707378128555
0.8788736917945544
0.8787699691421925
0.8787948025904208
0.8788491444902373
0.8788605586750362
0.878893667286814
0.8783904908767239
0.878791958145469
0.8788814876578204
0.8787759361569124
0.878720253337386
0.8787364817715486
0.8787805708271755
0.8789091729941112
0.8786387423193829
0.878586449870035
0.8783612438256009
0.8788824609604693
0.878755601001674
0.878852479219834
0.8788923106126252
0.8787711146765619
0.8788581030699847
0.8787799575284077
0.8787610276853299
0.8788166268691445
0.8788138054946701
0.8788116664939128
0.8779284670824162
0.8788191024598931
0.8780531451304294
0.8788590475787064
0.8787638576303014
0.8786553428817657
0.8788852271607305
0.8787960669469194
0.8787942950740356
0.8764215509272874
0.8788525139260417
0.8788569074442022
0.8787748699288929
0.8788282458997919
0.878557277183418
0.8788186456813476
0.8787684670630078
0.8788154873254462
0.8788381798642297
0.8788839577607016
0.8787925602963366
0.8788838420899852
0.8787328796378211
0.8786669802995776
0.8784184370776523
0.8788781498518787
0.8787703728173297
0.8735623913809943
0.8781148506314885
0.878839682837282
0.8787957773639509
0.8787108144003278
0.8787484009631479
0.8788519356485825
0.8788259306545894
0.8786364047561833
0.8786791710350341
0.8788267398595011
0.8787439024352901
0.8784369953169102
0.8787857620336884
0.8788408511400053
0.8789434071452733
0.8787666489528719
0.8784993191283316
0.878877471683646
0.8788211500144432
0.8788283195691975
0.878881094566789
0.8787472183466141
0.8788968983955644
0.8787861905836912
0.8788085720125017
0.8788438860839685
0.878882192034306
0.8788395577227562
0.8787370274754527
0.8789405889184563
0.8787102283748452
0.8789096904809717
0.8788464047699514
0.8786423872652317
0.8786307063912788
0.8789126271131782
0.8787890306762828
0.8788457011517488
0.8788646253023197
0.8788413658442541
0.8787613916629274
0.8788319006801337
0.8787620964370744
0.8787882165446359
0.8787386611410747
0.8786765490303083
0.8788602378093094
0.8305694764425551
0.8787808712293074
0.8788356583811228
0.8788461323293946
0.8787863544527478
0.8787931986773863
0.8788748629529359
0.8788329646296521
0.8788474920937284
0.878832624065669
0.8787726999536961
0.878910697878618
0.8787403224533238
0.8787809344034506
0.8786239799679406
0.8789099128184616
0.8788675451036929
0.878609805930289
0.8784439331684041
0.8787751936055911
0.8789008325599968
0.8787867943816539
0.8788282750079424
0.8785023628891644
0.8786807716770023
0.8788776358865212
0.878785540020207
0.8788274054807246
0.8788264195621405
0.8787478490586167
0.8777645302975755
0.8789224329938304
0.8788330548497642
0.8786924805254668
0.8787710125231609
0.8786566384521716
0.8787946543004166
0.8787457929379384
0.8787947858723087
0.8788244043188739
0.8781005693075067
0.8788417014093186
0.8787657826282386
0.8787906555151634
0.8786994223975003
0.8787911709981917
0.8788953098950046
0.8788186291578386
0.8788588841766699
0.8788100603353788
0.8788070574756381
0.8788578560170673
0.8789153143406832
0.878796030494313
0.8789460563781976
0.8787445756529139
0.8787379953643486
0.8787556928937941
0.8788574440346781
0.8789799407685689
0.8787719054351953
0.8788780622253348
0.8788463274459802
0.8788173781016569
0.8788149586625933
0.8787446351211797
0.8788257280037814
0.8788115869360067
0.8787545515534534
0.8787753639277408
0.8788097372652717
0.8789032057797768
0.8787143580645487
0.8789036295021069
0.878755370683023
0.8788822539977643
0.8789170033203223
0.8786680279630819
0.878795015993237
0.8787200904326291
0.8786130466501566
0.8789070532947886
0.8789112521741334
0.8786610887954489
0.8788846495565111
0.8788303976223389
0.8786767092490556
0.8788867623130053
0.8788494785391537
0.8787554482339746
0.8769487483180592
0.8788046247645239
0.8785981402712937
0.8787477216682505
0.8788573643791304
0.8788004957894799
0.8788406076780502
0.8783937250027681
0.8789224293777088
0.8788656523482096
0.8786450110027908
0.8788549278108821
0.8786745638305532
0.8788549178993592
0.8787466184566111
0.8788520439185756
0.8786630301507332
0.878864619469966
0.8788964594589683
0.8788662493397112
0.8786773728154396
0.8789354920288202
0.8786466879467908
0.8787923636345897
0.8788204598412204
0.878749810235687
0.8788077303704264
0.8788111088964102
0.8788434005403939
